0
10000
30000
60000
100000
150000
200000
250000
300000
350000
400000
450000
500000
550000
600000
650000
700000
750000
800000
850000
900000
950000
1000000
1100000
1200000
1300000
1400000
1500000
1600000
1700000
1800000
1900000
2000000
2200000
2400000
2600000
2800000
3000000
3200000
3400000
3600000
3800000
4000000
4250000
4500000
4750000
5000000
5300000
5600000
5900000
6200000
6500000
6800000
7150000
7500000
7850000
8200000
8550000
8900000
9300000
9600000
9900000
10100000
10400000
10800000
11200000
11600000
12000000
12400000
12800000
13200000
13600000
14000000
14400000
14800000
15200000
15600000
16000000
16500000
17000000
17550000
18100000
18650000
18900000
19300000
19850000
20400000
21950000
22500000
23050000
23600000
24200000
24800000
25400000
26400000
27600000
28800000
30100000
31000000
31500000
32000000
32500000
33000000
33500000
34000000
34500000
35000000
35600000
36120000
36720000
37320000
38100000
38800000
39500000
40200000
40900000
41600000
42300000
43000000
43800000
44600000
45400000
46200000
47000000
47800000
48600000
49400000
50200000
51000000
51900000
52800000
53700000
54600000
55500000
56400000
57300000
58200000
59100000
60000000
61000000
62000000
63000000
64000000
65000000
66000000
67000000
68000000
69000000
70000000
71000000