0
300
800
1500
3200
4500
6000
8800
10200
13200
16000
18900
21100
25000
29000
35000
47000
56000
65000
73000
85000
94000
105000
115000
130000
145000
156000
170000
185000
210000
230000
245000
263000
281000
290000
340000
380000
420000
460000
500000
540000
580000
620000
660000
700000
740000
780000
820000
860000
900000
940000
980000
1020000
1060000
1100000
1400000
1180000
1220000
1260000
1300000
1340000
1380000
1420000
1460000
1500000
1540000
1580000
1620000
1660000
1700000
1740000
2000000
2200000
2400000
2600000
2800000
3000000
3300000
3600000
4000000
5000000
6000000
7000000
8000000
9000000
10000000
12000000
14000000
16000000
18000000
20000000
23000000
26000000
29000000
34000000
36000000
40000000
42000000
44000000
46000000
50000000